0.00 26.61

0.71 23.47

1.43 31.86

2.14 14.77

2.86 48.15

3.57 52.42

4.29 17.29

5.00 24.04

5.71 20.96

6.43 24.42

7.14 49.88

7.86 38.78

8.57 58.51

9.29 62.20

10.00 45.55

10.71 45.95

11.43 59.96

12.14 51.98

12.86 60.00

13.57 51.18

14.29 60.48

15.00 46.16

15.71 79.95

16.43 56.05

17.14 72.31

17.86 84.50

18.57 67.68

19.29 63.25

20.00 63.27

20.71 68.91

21.43 54.92

22.14 69.56

22.86 63.56

23.57 55.09

24.29 71.57

25.00 88.11

25.71 58.29

26.43 70.62

27.14 103.57

27.86 84.35

28.57 71.42

29.29 110.46

30.00 112.57

30.71 90.00

31.43 76.16

32.14 115.02

32.86 75.25

33.57 87.35

34.29 75.00

35.00 115.07

